IDA:
0 72
20000000
561b72fe
9d0e49c2
00000000
00000000
00000000
00000000
00000000
00000000
00000000
00000000
00000000
00000000
00000000
00000000
00000000
00000000
00000b25

CMD:
0 72
a5000000
e8687c1a
1ee60f04
00000000
00000000
00000000
00000000
00000000
00000000
00000000
00000000
00000000
00000000
00000000
00000000
00000000
00000000
00000b25

Web:
0 72
a5000000
e8687c1a
1ee60f04
00000000
00000000
00000000
00000000
00000000
00000000
00000000
00000000
00000000
00000000
00000000
00000000
00000000
00000000
00000551