IDA:
args: -2 0
0 72
a9000000
ec824063
e5379c91
00000000
00000000
00000000
00000000
00000000
00000000
00000000
00000000
00000000
00000000
00000000
00000000
00000000
00000000
00000b25

CMD:
args: -2 0
0 72
a9000000
ec824063
e5379c91
00000000
00000000
00000000
00000000
00000000
00000000
00000000
00000000
00000000
00000000
00000000
00000000
00000000
00000000
00000b25

Web:
args: -2 0
0 72
a9000000
ec824063
e5379c91
00000000
00000000
00000000
00000000
00000000
00000000
00000000
00000000
00000000
00000000
00000000
00000000
00000000
00000000
00000551

